v3.0 hex words addressed
0000: 0000c 0001d 00020 0003c 00000 00000 00000 00000
0008: 00000 00000 00000 00000 00008 00005 00000 00000
0010: 00000 00000 00000 00000 00000 00000 00000 00000
0018: 00000 00000 00000 00000 00000 00000 00000 00000
0020: 00000 00000 00000 00000 00000 00000 00000 00000
0028: 00000 00000 00000 00000 00000 00000 00000 00000
0030: 00000 00000 00000 00000 00000 00000 00000 00000
0038: 00000 00000 00000 00000 00000 00000 00000 00000
0040: 00000 00000 00000 00000 00000 00000 00000 00000
0048: 00000 00000 00000 00000 00000 00000 00000 00000
0050: 00000 00000 00000 00000 00000 00000 00000 00000
0058: 00000 00000 00000 00000 00000 00000 00000 00000
0060: 00000 00000 00000 00000 00000 00000 00000 00000
0068: 00000 00000 00000 00000 00000 00000 00000 00000
0070: 00000 00000 00000 00000 00000 00000 00000 00000
0078: 00000 00000 00000 00000 00000 00000 00000 00000
0080: 00000 00000 00000 00000 00000 00000 00000 00000
0088: 00000 00000 00000 00000 00000 00000 00000 00000
0090: 00000 00000 00000 00000 00000 00000 00000 00000
0098: 00000 00000 00000 00000 00000 00000 00000 00000
00a0: 00000 00000 00000 00000 00000 00000 00000 00000
00a8: 00000 00000 00000 00000 00000 00000 00000 00000
00b0: 00000 00000 00000 00000 00000 00000 00000 00000
00b8: 00000 00000 00000 00000 00000 00000 00000 00000
00c0: 00000 00000 00000 00000 00000 00000 00000 00000
00c8: 00000 00000 00000 00000 00000 00000 00000 00000
00d0: 00000 00000 00000 00000 00000 00000 00000 00000
00d8: 00000 00000 00000 00000 00000 00000 00000 00000
00e0: 00000 00000 00000 00000 00000 00000 00000 00000
00e8: 00000 00000 00000 00000 00000 00000 00000 00000
00f0: 00000 00000 00000 00000 00000 00000 00000 00000
00f8: 00000 00000 00000 00000 00000 00000 00000 00000
0100: 00000 00000 00000 00000 00000 00000 00000 00000
0108: 00000 00000 00000 00000 00000 00000 00000 00000
0110: 00000 00000 00000 00000 00000 00000 00000 00000
0118: 00000 00000 00000 00000 00000 00000 00000 00000
0120: 00000 00000 00000 00000 00000 00000 00000 00000
0128: 00000 00000 00000 00000 00000 00000 00000 00000
0130: 00000 00000 00000 00000 00000 00000 00000 00000
0138: 00000 00000 00000 00000 00000 00000 00000 00000
0140: 00000 00000 00000 00000 00000 00000 00000 00000
0148: 00000 00000 00000 00000 00000 00000 00000 00000
0150: 00000 00000 00000 00000 00000 00000 00000 00000
0158: 00000 00000 00000 00000 00000 00000 00000 00000
0160: 00000 00000 00000 00000 00000 00000 00000 00000
0168: 00000 00000 00000 00000 00000 00000 00000 00000
0170: 00000 00000 00000 00000 00000 00000 00000 00000
0178: 00000 00000 00000 00000 00000 00000 00000 00000
0180: 00000 00000 00000 00000 00000 00000 00000 00000
0188: 00000 00000 00000 00000 00000 00000 00000 00000
0190: 00000 00000 00000 00000 00000 00000 00000 00000
0198: 00000 00000 00000 00000 00000 00000 00000 00000
01a0: 00000 00000 00000 00000 00000 00000 00000 00000
01a8: 00000 00000 00000 00000 00000 00000 00000 00000
01b0: 00000 00000 00000 00000 00000 00000 00000 00000
01b8: 00000 00000 00000 00000 00000 00000 00000 00000
01c0: 00000 00000 00000 00000 00000 00000 00000 00000
01c8: 00000 00000 00000 00000 00000 00000 00000 00000
01d0: 00000 00000 00000 00000 00000 00000 00000 00000
01d8: 00000 00000 00000 00000 00000 00000 00000 00000
01e0: 00000 00000 00000 00000 00000 00000 00000 00000
01e8: 00000 00000 00000 00000 00000 00000 00000 00000
01f0: 00000 00000 00000 00000 00000 00000 00000 00000
01f8: 00000 00000 00000 00000 00000 00000 00000 00000
0200: 00000 00000 00000 00000 00000 00000 00000 00000
0208: 00000 00000 00000 00000 00000 00000 00000 00000
0210: 00000 00000 00000 00000 00000 00000 00000 00000
0218: 00000 00000 00000 00000 00000 00000 00000 00000
0220: 00000 00000 00000 00000 00000 00000 00000 00000
0228: 00000 00000 00000 00000 00000 00000 00000 00000
0230: 00000 00000 00000 00000 00000 00000 00000 00000
0238: 00000 00000 00000 00000 00000 00000 00000 00000
0240: 00000 00000 00000 00000 00000 00000 00000 00000
0248: 00000 00000 00000 00000 00000 00000 00000 00000
0250: 00000 00000 00000 00000 00000 00000 00000 00000
0258: 00000 00000 00000 00000 00000 00000 00000 00000
0260: 00000 00000 00000 00000 00000 00000 00000 00000
0268: 00000 00000 00000 00000 00000 00000 00000 00000
0270: 00000 00000 00000 00000 00000 00000 00000 00000
0278: 00000 00000 00000 00000 00000 00000 00000 00000
0280: 00000 00000 00000 00000 00000 00000 00000 00000
0288: 00000 00000 00000 00000 00000 00000 00000 00000
0290: 00000 00000 00000 00000 00000 00000 00000 00000
0298: 00000 00000 00000 00000 00000 00000 00000 00000
02a0: 00000 00000 00000 00000 00000 00000 00000 00000
02a8: 00000 00000 00000 00000 00000 00000 00000 00000
02b0: 00000 00000 00000 00000 00000 00000 00000 00000
02b8: 00000 00000 00000 00000 00000 00000 00000 00000
02c0: 00000 00000 00000 00000 00000 00000 00000 00000
02c8: 00000 00000 00000 00000 00000 00000 00000 00000
02d0: 00000 00000 00000 00000 00000 00000 00000 00000
02d8: 00000 00000 00000 00000 00000 00000 00000 00000
02e0: 00000 00000 00000 00000 00000 00000 00000 00000
02e8: 00000 00000 00000 00000 00000 00000 00000 00000
02f0: 00000 00000 00000 00000 00000 00000 00000 00000
02f8: 00000 00000 00000 00000 00000 00000 00000 00000
0300: 00000 00000 00000 00000 00000 00000 00000 00000
0308: 00000 00000 00000 00000 00000 00000 00000 00000
0310: 00000 00000 00000 00000 00000 00000 00000 00000
0318: 00000 00000 00000 00000 00000 00000 00000 00000
0320: 00000 00000 00000 00000 00000 00000 00000 00000
0328: 00000 00000 00000 00000 00000 00000 00000 00000
0330: 00000 00000 00000 00000 00000 00000 00000 00000
0338: 00000 00000 00000 00000 00000 00000 00000 00000
0340: 00000 00000 00000 00000 00000 00000 00000 00000
0348: 00000 00000 00000 00000 00000 00000 00000 00000
0350: 00000 00000 00000 00000 00000 00000 00000 00000
0358: 00000 00000 00000 00000 00000 00000 00000 00000
0360: 00000 00000 00000 00000 00000 00000 00000 00000
0368: 00000 00000 00000 00000 00000 00000 00000 00000
0370: 00000 00000 00000 00000 00000 00000 00000 00000
0378: 00000 00000 00000 00000 00000 00000 00000 00000
0380: 00000 00000 00000 00000 00000 00000 00000 00000
0388: 00000 00000 00000 00000 00000 00000 00000 00000
0390: 00000 00000 00000 00000 00000 00000 00000 00000
0398: 00000 00000 00000 00000 00000 00000 00000 00000
03a0: 00000 00000 00000 00000 00000 00000 00000 00000
03a8: 00000 00000 00000 00000 00000 00000 00000 00000
03b0: 00000 00000 00000 00000 00000 00000 00000 00000
03b8: 00000 00000 00000 00000 00000 00000 00000 00000
03c0: 00000 00000 00000 00000 00000 00000 00000 00000
03c8: 00000 00000 00000 00000 00000 00000 00000 00000
03d0: 00000 00000 00000 00000 00000 00000 00000 00000
03d8: 00000 00000 00000 00000 00000 00000 00000 00000
03e0: 00000 00000 00000 00000 00000 00000 00000 00000
03e8: 00000 00000 00000 00000 00000 00000 00000 00000
03f0: 00000 00000 00000 00000 00000 00000 00000 00000
03f8: 00000 00000 00000 00000 00000 00000 00000 00000
0400: 00000 00000 00000 00000 00000 00000 00000 00000
0408: 00000 00000 00000 00000 00000 00000 00000 00000
0410: 00000 00000 00000 00000 00000 00000 00000 00000
0418: 00000 00000 00000 00000 00000 00000 00000 00000
0420: 00000 00000 00000 00000 00000 00000 00000 00000
0428: 00000 00000 00000 00000 00000 00000 00000 00000
0430: 00000 00000 00000 00000 00000 00000 00000 00000
0438: 00000 00000 00000 00000 00000 00000 00000 00000
0440: 00000 00000 00000 00000 00000 00000 00000 00000
0448: 00000 00000 00000 00000 00000 00000 00000 00000
0450: 00000 00000 00000 00000 00000 00000 00000 00000
0458: 00000 00000 00000 00000 00000 00000 00000 00000
0460: 00000 00000 00000 00000 00000 00000 00000 00000
0468: 00000 00000 00000 00000 00000 00000 00000 00000
0470: 00000 00000 00000 00000 00000 00000 00000 00000
0478: 00000 00000 00000 00000 00000 00000 00000 00000
0480: 00000 00000 00000 00000 00000 00000 00000 00000
0488: 00000 00000 00000 00000 00000 00000 00000 00000
0490: 00000 00000 00000 00000 00000 00000 00000 00000
0498: 00000 00000 00000 00000 00000 00000 00000 00000
04a0: 00000 00000 00000 00000 00000 00000 00000 00000
04a8: 00000 00000 00000 00000 00000 00000 00000 00000
04b0: 00000 00000 00000 00000 00000 00000 00000 00000
04b8: 00000 00000 00000 00000 00000 00000 00000 00000
04c0: 00000 00000 00000 00000 00000 00000 00000 00000
04c8: 00000 00000 00000 00000 00000 00000 00000 00000
04d0: 00000 00000 00000 00000 00000 00000 00000 00000
04d8: 00000 00000 00000 00000 00000 00000 00000 00000
04e0: 00000 00000 00000 00000 00000 00000 00000 00000
04e8: 00000 00000 00000 00000 00000 00000 00000 00000
04f0: 00000 00000 00000 00000 00000 00000 00000 00000
04f8: 00000 00000 00000 00000 00000 00000 00000 00000
0500: 00000 00000 00000 00000 00000 00000 00000 00000
0508: 00000 00000 00000 00000 00000 00000 00000 00000
0510: 00000 00000 00000 00000 00000 00000 00000 00000
0518: 00000 00000 00000 00000 00000 00000 00000 00000
0520: 00000 00000 00000 00000 00000 00000 00000 00000
0528: 00000 00000 00000 00000 00000 00000 00000 00000
0530: 00000 00000 00000 00000 00000 00000 00000 00000
0538: 00000 00000 00000 00000 00000 00000 00000 00000
0540: 00000 00000 00000 00000 00000 00000 00000 00000
0548: 00000 00000 00000 00000 00000 00000 00000 00000
0550: 00000 00000 00000 00000 00000 00000 00000 00000
0558: 00000 00000 00000 00000 00000 00000 00000 00000
0560: 00000 00000 00000 00000 00000 00000 00000 00000
0568: 00000 00000 00000 00000 00000 00000 00000 00000
0570: 00000 00000 00000 00000 00000 00000 00000 00000
0578: 00000 00000 00000 00000 00000 00000 00000 00000
0580: 00000 00000 00000 00000 00000 00000 00000 00000
0588: 00000 00000 00000 00000 00000 00000 00000 00000
0590: 00000 00000 00000 00000 00000 00000 00000 00000
0598: 00000 00000 00000 00000 00000 00000 00000 00000
05a0: 00000 00000 00000 00000 00000 00000 00000 00000
05a8: 00000 00000 00000 00000 00000 00000 00000 00000
05b0: 00000 00000 00000 00000 00000 00000 00000 00000
05b8: 00000 00000 00000 00000 00000 00000 00000 00000
05c0: 00000 00000 00000 00000 00000 00000 00000 00000
05c8: 00000 00000 00000 00000 00000 00000 00000 00000
05d0: 00000 00000 00000 00000 00000 00000 00000 00000
05d8: 00000 00000 00000 00000 00000 00000 00000 00000
05e0: 00000 00000 00000 00000 00000 00000 00000 00000
05e8: 00000 00000 00000 00000 00000 00000 00000 00000
05f0: 00000 00000 00000 00000 00000 00000 00000 00000
05f8: 00000 00000 00000 00000 00000 00000 00000 00000
0600: 00000 00000 00000 00000 00000 00000 00000 00000
0608: 00000 00000 00000 00000 00000 00000 00000 00000
0610: 00000 00000 00000 00000 00000 00000 00000 00000
0618: 00000 00000 00000 00000 00000 00000 00000 00000
0620: 00000 00000 00000 00000 00000 00000 00000 00000
0628: 00000 00000 00000 00000 00000 00000 00000 00000
0630: 00000 00000 00000 00000 00000 00000 00000 00000
0638: 00000 00000 00000 00000 00000 00000 00000 00000
0640: 00000 00000 00000 00000 00000 00000 00000 00000
0648: 00000 00000 00000 00000 00000 00000 00000 00000
0650: 00000 00000 00000 00000 00000 00000 00000 00000
0658: 00000 00000 00000 00000 00000 00000 00000 00000
0660: 00000 00000 00000 00000 00000 00000 00000 00000
0668: 00000 00000 00000 00000 00000 00000 00000 00000
0670: 00000 00000 00000 00000 00000 00000 00000 00000
0678: 00000 00000 00000 00000 00000 00000 00000 00000
0680: 00000 00000 00000 00000 00000 00000 00000 00000
0688: 00000 00000 00000 00000 00000 00000 00000 00000
0690: 00000 00000 00000 00000 00000 00000 00000 00000
0698: 00000 00000 00000 00000 00000 00000 00000 00000
06a0: 00000 00000 00000 00000 00000 00000 00000 00000
06a8: 00000 00000 00000 00000 00000 00000 00000 00000
06b0: 00000 00000 00000 00000 00000 00000 00000 00000
06b8: 00000 00000 00000 00000 00000 00000 00000 00000
06c0: 00000 00000 00000 00000 00000 00000 00000 00000
06c8: 00000 00000 00000 00000 00000 00000 00000 00000
06d0: 00000 00000 00000 00000 00000 00000 00000 00000
06d8: 00000 00000 00000 00000 00000 00000 00000 00000
06e0: 00000 00000 00000 00000 00000 00000 00000 00000
06e8: 00000 00000 00000 00000 00000 00000 00000 00000
06f0: 00000 00000 00000 00000 00000 00000 00000 00000
06f8: 00000 00000 00000 00000 00000 00000 00000 00000
0700: 00000 00000 00000 00000 00000 00000 00000 00000
0708: 00000 00000 00000 00000 00000 00000 00000 00000
0710: 00000 00000 00000 00000 00000 00000 00000 00000
0718: 00000 00000 00000 00000 00000 00000 00000 00000
0720: 00000 00000 00000 00000 00000 00000 00000 00000
0728: 00000 00000 00000 00000 00000 00000 00000 00000
0730: 00000 00000 00000 00000 00000 00000 00000 00000
0738: 00000 00000 00000 00000 00000 00000 00000 00000
0740: 00000 00000 00000 00000 00000 00000 00000 00000
0748: 00000 00000 00000 00000 00000 00000 00000 00000
0750: 00000 00000 00000 00000 00000 00000 00000 00000
0758: 00000 00000 00000 00000 00000 00000 00000 00000
0760: 00000 00000 00000 00000 00000 00000 00000 00000
0768: 00000 00000 00000 00000 00000 00000 00000 00000
0770: 00000 00000 00000 00000 00000 00000 00000 00000
0778: 00000 00000 00000 00000 00000 00000 00000 00000
0780: 00000 00000 00000 00000 00000 00000 00000 00000
0788: 00000 00000 00000 00000 00000 00000 00000 00000
0790: 00000 00000 00000 00000 00000 00000 00000 00000
0798: 00000 00000 00000 00000 00000 00000 00000 00000
07a0: 00000 00000 00000 00000 00000 00000 00000 00000
07a8: 00000 00000 00000 00000 00000 00000 00000 00000
07b0: 00000 00000 00000 00000 00000 00000 00000 00000
07b8: 00000 00000 00000 00000 00000 00000 00000 00000
07c0: 00000 00000 00000 00000 00000 00000 00000 00000
07c8: 00000 00000 00000 00000 00000 00000 00000 00000
07d0: 00000 00000 00000 00000 00000 00000 00000 00000
07d8: 00000 00000 00000 00000 00000 00000 00000 00000
07e0: 00000 00000 00000 00000 00000 00000 00000 00000
07e8: 00000 00000 00000 00000 00000 00000 00000 00000
07f0: 00000 00000 00000 00000 00000 00000 00000 00000
07f8: 00000 00000 00000 00000 00000 00000 00000 00000
0800: 00000 00000 00000 00000 00000 00000 00000 00000
0808: 00000 00000 00000 00000 00000 00000 00000 00000
0810: 00000 00000 00000 00000 00000 00000 00000 00000
0818: 00000 00000 00000 00000 00000 00000 00000 00000
0820: 00000 00000 00000 00000 00000 00000 00000 00000
0828: 00000 00000 00000 00000 00000 00000 00000 00000
0830: 00000 00000 00000 00000 00000 00000 00000 00000
0838: 00000 00000 00000 00000 00000 00000 00000 00000
0840: 00000 00000 00000 00000 00000 00000 00000 00000
0848: 00000 00000 00000 00000 00000 00000 00000 00000
0850: 00000 00000 00000 00000 00000 00000 00000 00000
0858: 00000 00000 00000 00000 00000 00000 00000 00000
0860: 00000 00000 00000 00000 00000 00000 00000 00000
0868: 00000 00000 00000 00000 00000 00000 00000 00000
0870: 00000 00000 00000 00000 00000 00000 00000 00000
0878: 00000 00000 00000 00000 00000 00000 00000 00000
0880: 00000 00000 00000 00000 00000 00000 00000 00000
0888: 00000 00000 00000 00000 00000 00000 00000 00000
0890: 00000 00000 00000 00000 00000 00000 00000 00000
0898: 00000 00000 00000 00000 00000 00000 00000 00000
08a0: 00000 00000 00000 00000 00000 00000 00000 00000
08a8: 00000 00000 00000 00000 00000 00000 00000 00000
08b0: 00000 00000 00000 00000 00000 00000 00000 00000
08b8: 00000 00000 00000 00000 00000 00000 00000 00000
08c0: 00000 00000 00000 00000 00000 00000 00000 00000
08c8: 00000 00000 00000 00000 00000 00000 00000 00000
08d0: 00000 00000 00000 00000 00000 00000 00000 00000
08d8: 00000 00000 00000 00000 00000 00000 00000 00000
08e0: 00000 00000 00000 00000 00000 00000 00000 00000
08e8: 00000 00000 00000 00000 00000 00000 00000 00000
08f0: 00000 00000 00000 00000 00000 00000 00000 00000
08f8: 00000 00000 00000 00000 00000 00000 00000 00000
0900: 00000 00000 00000 00000 00000 00000 00000 00000
0908: 00000 00000 00000 00000 00000 00000 00000 00000
0910: 00000 00000 00000 00000 00000 00000 00000 00000
0918: 00000 00000 00000 00000 00000 00000 00000 00000
0920: 00000 00000 00000 00000 00000 00000 00000 00000
0928: 00000 00000 00000 00000 00000 00000 00000 00000
0930: 00000 00000 00000 00000 00000 00000 00000 00000
0938: 00000 00000 00000 00000 00000 00000 00000 00000
0940: 00000 00000 00000 00000 00000 00000 00000 00000
0948: 00000 00000 00000 00000 00000 00000 00000 00000
0950: 00000 00000 00000 00000 00000 00000 00000 00000
0958: 00000 00000 00000 00000 00000 00000 00000 00000
0960: 00000 00000 00000 00000 00000 00000 00000 00000
0968: 00000 00000 00000 00000 00000 00000 00000 00000
0970: 00000 00000 00000 00000 00000 00000 00000 00000
0978: 00000 00000 00000 00000 00000 00000 00000 00000
0980: 00000 00000 00000 00000 00000 00000 00000 00000
0988: 00000 00000 00000 00000 00000 00000 00000 00000
0990: 00000 00000 00000 00000 00000 00000 00000 00000
0998: 00000 00000 00000 00000 00000 00000 00000 00000
09a0: 00000 00000 00000 00000 00000 00000 00000 00000
09a8: 00000 00000 00000 00000 00000 00000 00000 00000
09b0: 00000 00000 00000 00000 00000 00000 00000 00000
09b8: 00000 00000 00000 00000 00000 00000 00000 00000
09c0: 00000 00000 00000 00000 00000 00000 00000 00000
09c8: 00000 00000 00000 00000 00000 00000 00000 00000
09d0: 00000 00000 00000 00000 00000 00000 00000 00000
09d8: 00000 00000 00000 00000 00000 00000 00000 00000
09e0: 00000 00000 00000 00000 00000 00000 00000 00000
09e8: 00000 00000 00000 00000 00000 00000 00000 00000
09f0: 00000 00000 00000 00000 00000 00000 00000 00000
09f8: 00000 00000 00000 00000 00000 00000 00000 00000
0a00: 00000 00000 00000 00000 00000 00000 00000 00000
0a08: 00000 00000 00000 00000 00000 00000 00000 00000
0a10: 00000 00000 00000 00000 00000 00000 00000 00000
0a18: 00000 00000 00000 00000 00000 00000 00000 00000
0a20: 00000 00000 00000 00000 00000 00000 00000 00000
0a28: 00000 00000 00000 00000 00000 00000 00000 00000
0a30: 00000 00000 00000 00000 00000 00000 00000 00000
0a38: 00000 00000 00000 00000 00000 00000 00000 00000
0a40: 00000 00000 00000 00000 00000 00000 00000 00000
0a48: 00000 00000 00000 00000 00000 00000 00000 00000
0a50: 00000 00000 00000 00000 00000 00000 00000 00000
0a58: 00000 00000 00000 00000 00000 00000 00000 00000
0a60: 00000 00000 00000 00000 00000 00000 00000 00000
0a68: 00000 00000 00000 00000 00000 00000 00000 00000
0a70: 00000 00000 00000 00000 00000 00000 00000 00000
0a78: 00000 00000 00000 00000 00000 00000 00000 00000
0a80: 00000 00000 00000 00000 00000 00000 00000 00000
0a88: 00000 00000 00000 00000 00000 00000 00000 00000
0a90: 00000 00000 00000 00000 00000 00000 00000 00000
0a98: 00000 00000 00000 00000 00000 00000 00000 00000
0aa0: 00000 00000 00000 00000 00000 00000 00000 00000
0aa8: 00000 00000 00000 00000 00000 00000 00000 00000
0ab0: 00000 00000 00000 00000 00000 00000 00000 00000
0ab8: 00000 00000 00000 00000 00000 00000 00000 00000
0ac0: 00000 00000 00000 00000 00000 00000 00000 00000
0ac8: 00000 00000 00000 00000 00000 00000 00000 00000
0ad0: 00000 00000 00000 00000 00000 00000 00000 00000
0ad8: 00000 00000 00000 00000 00000 00000 00000 00000
0ae0: 00000 00000 00000 00000 00000 00000 00000 00000
0ae8: 00000 00000 00000 00000 00000 00000 00000 00000
0af0: 00000 00000 00000 00000 00000 00000 00000 00000
0af8: 00000 00000 00000 00000 00000 00000 00000 00000
0b00: 00000 00000 00000 00000 00000 00000 00000 00000
0b08: 00000 00000 00000 00000 00000 00000 00000 00000
0b10: 00000 00000 00000 00000 00000 00000 00000 00000
0b18: 00000 00000 00000 00000 00000 00000 00000 00000
0b20: 00000 00000 00000 00000 00000 00000 00000 00000
0b28: 00000 00000 00000 00000 00000 00000 00000 00000
0b30: 00000 00000 00000 00000 00000 00000 00000 00000
0b38: 00000 00000 00000 00000 00000 00000 00000 00000
0b40: 00000 00000 00000 00000 00000 00000 00000 00000
0b48: 00000 00000 00000 00000 00000 00000 00000 00000
0b50: 00000 00000 00000 00000 00000 00000 00000 00000
0b58: 00000 00000 00000 00000 00000 00000 00000 00000
0b60: 00000 00000 00000 00000 00000 00000 00000 00000
0b68: 00000 00000 00000 00000 00000 00000 00000 00000
0b70: 00000 00000 00000 00000 00000 00000 00000 00000
0b78: 00000 00000 00000 00000 00000 00000 00000 00000
0b80: 00000 00000 00000 00000 00000 00000 00000 00000
0b88: 00000 00000 00000 00000 00000 00000 00000 00000
0b90: 00000 00000 00000 00000 00000 00000 00000 00000
0b98: 00000 00000 00000 00000 00000 00000 00000 00000
0ba0: 00000 00000 00000 00000 00000 00000 00000 00000
0ba8: 00000 00000 00000 00000 00000 00000 00000 00000
0bb0: 00000 00000 00000 00000 00000 00000 00000 00000
0bb8: 00000 00000 00000 00000 00000 00000 00000 00000
0bc0: 00000 00000 00000 00000 00000 00000 00000 00000
0bc8: 00000 00000 00000 00000 00000 00000 00000 00000
0bd0: 00000 00000 00000 00000 00000 00000 00000 00000
0bd8: 00000 00000 00000 00000 00000 00000 00000 00000
0be0: 00000 00000 00000 00000 00000 00000 00000 00000
0be8: 00000 00000 00000 00000 00000 00000 00000 00000
0bf0: 00000 00000 00000 00000 00000 00000 00000 00000
0bf8: 00000 00000 00000 00000 00000 00000 00000 00000
0c00: 00000 00000 00000 00000 00000 00000 00000 00000
0c08: 00000 00000 00000 00000 00000 00000 00000 00000
0c10: 00000 00000 00000 00000 00000 00000 00000 00000
0c18: 00000 00000 00000 00000 00000 00000 00000 00000
0c20: 00000 00000 00000 00000 00000 00000 00000 00000
0c28: 00000 00000 00000 00000 00000 00000 00000 00000
0c30: 00000 00000 00000 00000 00000 00000 00000 00000
0c38: 00000 00000 00000 00000 00000 00000 00000 00000
0c40: 00000 00000 00000 00000 00000 00000 00000 00000
0c48: 00000 00000 00000 00000 00000 00000 00000 00000
0c50: 00000 00000 00000 00000 00000 00000 00000 00000
0c58: 00000 00000 00000 00000 00000 00000 00000 00000
0c60: 00000 00000 00000 00000 00000 00000 00000 00000
0c68: 00000 00000 00000 00000 00000 00000 00000 00000
0c70: 00000 00000 00000 00000 00000 00000 00000 00000
0c78: 00000 00000 00000 00000 00000 00000 00000 00000
0c80: 00000 00000 00000 00000 00000 00000 00000 00000
0c88: 00000 00000 00000 00000 00000 00000 00000 00000
0c90: 00000 00000 00000 00000 00000 00000 00000 00000
0c98: 00000 00000 00000 00000 00000 00000 00000 00000
0ca0: 00000 00000 00000 00000 00000 00000 00000 00000
0ca8: 00000 00000 00000 00000 00000 00000 00000 00000
0cb0: 00000 00000 00000 00000 00000 00000 00000 00000
0cb8: 00000 00000 00000 00000 00000 00000 00000 00000
0cc0: 00000 00000 00000 00000 00000 00000 00000 00000
0cc8: 00000 00000 00000 00000 00000 00000 00000 00000
0cd0: 00000 00000 00000 00000 00000 00000 00000 00000
0cd8: 00000 00000 00000 00000 00000 00000 00000 00000
0ce0: 00000 00000 00000 00000 00000 00000 00000 00000
0ce8: 00000 00000 00000 00000 00000 00000 00000 00000
0cf0: 00000 00000 00000 00000 00000 00000 00000 00000
0cf8: 00000 00000 00000 00000 00000 00000 00000 00000
0d00: 00000 00000 00000 00000 00000 00000 00000 00000
0d08: 00000 00000 00000 00000 00000 00000 00000 00000
0d10: 00000 00000 00000 00000 00000 00000 00000 00000
0d18: 00000 00000 00000 00000 00000 00000 00000 00000
0d20: 00000 00000 00000 00000 00000 00000 00000 00000
0d28: 00000 00000 00000 00000 00000 00000 00000 00000
0d30: 00000 00000 00000 00000 00000 00000 00000 00000
0d38: 00000 00000 00000 00000 00000 00000 00000 00000
0d40: 00000 00000 00000 00000 00000 00000 00000 00000
0d48: 00000 00000 00000 00000 00000 00000 00000 00000
0d50: 00000 00000 00000 00000 00000 00000 00000 00000
0d58: 00000 00000 00000 00000 00000 00000 00000 00000
0d60: 00000 00000 00000 00000 00000 00000 00000 00000
0d68: 00000 00000 00000 00000 00000 00000 00000 00000
0d70: 00000 00000 00000 00000 00000 00000 00000 00000
0d78: 00000 00000 00000 00000 00000 00000 00000 00000
0d80: 00000 00000 00000 00000 00000 00000 00000 00000
0d88: 00000 00000 00000 00000 00000 00000 00000 00000
0d90: 00000 00000 00000 00000 00000 00000 00000 00000
0d98: 00000 00000 00000 00000 00000 00000 00000 00000
0da0: 00000 00000 00000 00000 00000 00000 00000 00000
0da8: 00000 00000 00000 00000 00000 00000 00000 00000
0db0: 00000 00000 00000 00000 00000 00000 00000 00000
0db8: 00000 00000 00000 00000 00000 00000 00000 00000
0dc0: 00000 00000 00000 00000 00000 00000 00000 00000
0dc8: 00000 00000 00000 00000 00000 00000 00000 00000
0dd0: 00000 00000 00000 00000 00000 00000 00000 00000
0dd8: 00000 00000 00000 00000 00000 00000 00000 00000
0de0: 00000 00000 00000 00000 00000 00000 00000 00000
0de8: 00000 00000 00000 00000 00000 00000 00000 00000
0df0: 00000 00000 00000 00000 00000 00000 00000 00000
0df8: 00000 00000 00000 00000 00000 00000 00000 00000
0e00: 00000 00000 00000 00000 00000 00000 00000 00000
0e08: 00000 00000 00000 00000 00000 00000 00000 00000
0e10: 00000 00000 00000 00000 00000 00000 00000 00000
0e18: 00000 00000 00000 00000 00000 00000 00000 00000
0e20: 00000 00000 00000 00000 00000 00000 00000 00000
0e28: 00000 00000 00000 00000 00000 00000 00000 00000
0e30: 00000 00000 00000 00000 00000 00000 00000 00000
0e38: 00000 00000 00000 00000 00000 00000 00000 00000
0e40: 00000 00000 00000 00000 00000 00000 00000 00000
0e48: 00000 00000 00000 00000 00000 00000 00000 00000
0e50: 00000 00000 00000 00000 00000 00000 00000 00000
0e58: 00000 00000 00000 00000 00000 00000 00000 00000
0e60: 00000 00000 00000 00000 00000 00000 00000 00000
0e68: 00000 00000 00000 00000 00000 00000 00000 00000
0e70: 00000 00000 00000 00000 00000 00000 00000 00000
0e78: 00000 00000 00000 00000 00000 00000 00000 00000
0e80: 00000 00000 00000 00000 00000 00000 00000 00000
0e88: 00000 00000 00000 00000 00000 00000 00000 00000
0e90: 00000 00000 00000 00000 00000 00000 00000 00000
0e98: 00000 00000 00000 00000 00000 00000 00000 00000
0ea0: 00000 00000 00000 00000 00000 00000 00000 00000
0ea8: 00000 00000 00000 00000 00000 00000 00000 00000
0eb0: 00000 00000 00000 00000 00000 00000 00000 00000
0eb8: 00000 00000 00000 00000 00000 00000 00000 00000
0ec0: 00000 00000 00000 00000 00000 00000 00000 00000
0ec8: 00000 00000 00000 00000 00000 00000 00000 00000
0ed0: 00000 00000 00000 00000 00000 00000 00000 00000
0ed8: 00000 00000 00000 00000 00000 00000 00000 00000
0ee0: 00000 00000 00000 00000 00000 00000 00000 00000
0ee8: 00000 00000 00000 00000 00000 00000 00000 00000
0ef0: 00000 00000 00000 00000 00000 00000 00000 00000
0ef8: 00000 00000 00000 00000 00000 00000 00000 00000
0f00: 00000 00000 00000 00000 00000 00000 00000 00000
0f08: 00000 00000 00000 00000 00000 00000 00000 00000
0f10: 00000 00000 00000 00000 00000 00000 00000 00000
0f18: 00000 00000 00000 00000 00000 00000 00000 00000
0f20: 00000 00000 00000 00000 00000 00000 00000 00000
0f28: 00000 00000 00000 00000 00000 00000 00000 00000
0f30: 00000 00000 00000 00000 00000 00000 00000 00000
0f38: 00000 00000 00000 00000 00000 00000 00000 00000
0f40: 00000 00000 00000 00000 00000 00000 00000 00000
0f48: 00000 00000 00000 00000 00000 00000 00000 00000
0f50: 00000 00000 00000 00000 00000 00000 00000 00000
0f58: 00000 00000 00000 00000 00000 00000 00000 00000
0f60: 00000 00000 00000 00000 00000 00000 00000 00000
0f68: 00000 00000 00000 00000 00000 00000 00000 00000
0f70: 00000 00000 00000 00000 00000 00000 00000 00000
0f78: 00000 00000 00000 00000 00000 00000 00000 00000
0f80: 00000 00000 00000 00000 00000 00000 00000 00000
0f88: 00000 00000 00000 00000 00000 00000 00000 00000
0f90: 00000 00000 00000 00000 00000 00000 00000 00000
0f98: 00000 00000 00000 00000 00000 00000 00000 00000
0fa0: 00000 00000 00000 00000 00000 00000 00000 00000
0fa8: 00000 00000 00000 00000 00000 00000 00000 00000
0fb0: 00000 00000 00000 00000 00000 00000 00000 00000
0fb8: 00000 00000 00000 00000 00000 00000 00000 00000
0fc0: 00000 00000 00000 00000 00000 00000 00000 00000
0fc8: 00000 00000 00000 00000 00000 00000 00000 00000
0fd0: 00000 00000 00000 00000 00000 00000 00000 00000
0fd8: 00000 00000 00000 00000 00000 00000 00000 00000
0fe0: 00000 00000 00000 00000 00000 00000 00000 00000
0fe8: 00000 00000 00000 00000 00000 00000 00000 00000
0ff0: 00000 00000 00000 00000 00000 00000 00000 00000
0ff8: 00000 00000 00000 00000 00000 00000 00000 00000
1000: 00000 00000 00000 00000 00000 00000 00000 00000
1008: 00000 00000 00000 00000 00000 00000 00000 00000
1010: 00000 00000 00000 00000 00000 00000 00000 00000
1018: 00000 00000 00000 00000 00000 00000 00000 00000
1020: 00000 00000 00000 00000 00000 00000 00000 00000
1028: 00000 00000 00000 00000 00000 00000 00000 00000
1030: 00000 00000 00000 00000 00000 00000 00000 00000
1038: 00000 00000 00000 00000 00000 00000 00000 00000
1040: 00000 00000 00000 00000 00000 00000 00000 00000
1048: 00000 00000 00000 00000 00000 00000 00000 00000
1050: 00000 00000 00000 00000 00000 00000 00000 00000
1058: 00000 00000 00000 00000 00000 00000 00000 00000
1060: 00000 00000 00000 00000 00000 00000 00000 00000
1068: 00000 00000 00000 00000 00000 00000 00000 00000
1070: 00000 00000 00000 00000 00000 00000 00000 00000
1078: 00000 00000 00000 00000 00000 00000 00000 00000
1080: 00000 00000 00000 00000 00000 00000 00000 00000
1088: 00000 00000 00000 00000 00000 00000 00000 00000
1090: 00000 00000 00000 00000 00000 00000 00000 00000
1098: 00000 00000 00000 00000 00000 00000 00000 00000
10a0: 00000 00000 00000 00000 00000 00000 00000 00000
10a8: 00000 00000 00000 00000 00000 00000 00000 00000
10b0: 00000 00000 00000 00000 00000 00000 00000 00000
10b8: 00000 00000 00000 00000 00000 00000 00000 00000
10c0: 00000 00000 00000 00000 00000 00000 00000 00000
10c8: 00000 00000 00000 00000 00000 00000 00000 00000
10d0: 00000 00000 00000 00000 00000 00000 00000 00000
10d8: 00000 00000 00000 00000 00000 00000 00000 00000
10e0: 00000 00000 00000 00000 00000 00000 00000 00000
10e8: 00000 00000 00000 00000 00000 00000 00000 00000
10f0: 00000 00000 00000 00000 00000 00000 00000 00000
10f8: 00000 00000 00000 00000 00000 00000 00000 00000
1100: 00000 00000 00000 00000 00000 00000 00000 00000
1108: 00000 00000 00000 00000 00000 00000 00000 00000
1110: 00000 00000 00000 00000 00000 00000 00000 00000
1118: 00000 00000 00000 00000 00000 00000 00000 00000
1120: 00000 00000 00000 00000 00000 00000 00000 00000
1128: 00000 00000 00000 00000 00000 00000 00000 00000
1130: 00000 00000 00000 00000 00000 00000 00000 00000
1138: 00000 00000 00000 00000 00000 00000 00000 00000
1140: 00000 00000 00000 00000 00000 00000 00000 00000
1148: 00000 00000 00000 00000 00000 00000 00000 00000
1150: 00000 00000 00000 00000 00000 00000 00000 00000
1158: 00000 00000 00000 00000 00000 00000 00000 00000
1160: 00000 00000 00000 00000 00000 00000 00000 00000
1168: 00000 00000 00000 00000 00000 00000 00000 00000
1170: 00000 00000 00000 00000 00000 00000 00000 00000
1178: 00000 00000 00000 00000 00000 00000 00000 00000
1180: 00000 00000 00000 00000 00000 00000 00000 00000
1188: 00000 00000 00000 00000 00000 00000 00000 00000
1190: 00000 00000 00000 00000 00000 00000 00000 00000
1198: 00000 00000 00000 00000 00000 00000 00000 00000
11a0: 00000 00000 00000 00000 00000 00000 00000 00000
11a8: 00000 00000 00000 00000 00000 00000 00000 00000
11b0: 00000 00000 00000 00000 00000 00000 00000 00000
11b8: 00000 00000 00000 00000 00000 00000 00000 00000
11c0: 00000 00000 00000 00000 00000 00000 00000 00000
11c8: 00000 00000 00000 00000 00000 00000 00000 00000
11d0: 00000 00000 00000 00000 00000 00000 00000 00000
11d8: 00000 00000 00000 00000 00000 00000 00000 00000
11e0: 00000 00000 00000 00000 00000 00000 00000 00000
11e8: 00000 00000 00000 00000 00000 00000 00000 00000
11f0: 00000 00000 00000 00000 00000 00000 00000 00000
11f8: 00000 00000 00000 00000 00000 00000 00000 00000
1200: 00000 00000 00000 00000 00000 00000 00000 00000
1208: 00000 00000 00000 00000 00000 00000 00000 00000
1210: 00000 00000 00000 00000 00000 00000 00000 00000
1218: 00000 00000 00000 00000 00000 00000 00000 00000
1220: 00000 00000 00000 00000 00000 00000 00000 00000
1228: 00000 00000 00000 00000 00000 00000 00000 00000
1230: 00000 00000 00000 00000 00000 00000 00000 00000
1238: 00000 00000 00000 00000 00000 00000 00000 00000
1240: 00000 00000 00000 00000 00000 00000 00000 00000
1248: 00000 00000 00000 00000 00000 00000 00000 00000
1250: 00000 00000 00000 00000 00000 00000 00000 00000
1258: 00000 00000 00000 00000 00000 00000 00000 00000
1260: 00000 00000 00000 00000 00000 00000 00000 00000
1268: 00000 00000 00000 00000 00000 00000 00000 00000
1270: 00000 00000 00000 00000 00000 00000 00000 00000
1278: 00000 00000 00000 00000 00000 00000 00000 00000
1280: 00000 00000 00000 00000 00000 00000 00000 00000
1288: 00000 00000 00000 00000 00000 00000 00000 00000
1290: 00000 00000 00000 00000 00000 00000 00000 00000
1298: 00000 00000 00000 00000 00000 00000 00000 00000
12a0: 00000 00000 00000 00000 00000 00000 00000 00000
12a8: 00000 00000 00000 00000 00000 00000 00000 00000
12b0: 00000 00000 00000 00000 00000 00000 00000 00000
12b8: 00000 00000 00000 00000 00000 00000 00000 00000
12c0: 00000 00000 00000 00000 00000 00000 00000 00000
12c8: 00000 00000 00000 00000 00000 00000 00000 00000
12d0: 00000 00000 00000 00000 00000 00000 00000 00000
12d8: 00000 00000 00000 00000 00000 00000 00000 00000
12e0: 00000 00000 00000 00000 00000 00000 00000 00000
12e8: 00000 00000 00000 00000 00000 00000 00000 00000
12f0: 00000 00000 00000 00000 00000 00000 00000 00000
12f8: 00000 00000 00000 00000 00000 00000 00000 00000
1300: 00000 00000 00000 00000 00000 00000 00000 00000
1308: 00000 00000 00000 00000 00000 00000 00000 00000
1310: 00000 00000 00000 00000 00000 00000 00000 00000
1318: 00000 00000 00000 00000 00000 00000 00000 00000
1320: 00000 00000 00000 00000 00000 00000 00000 00000
1328: 00000 00000 00000 00000 00000 00000 00000 00000
1330: 00000 00000 00000 00000 00000 00000 00000 00000
1338: 00000 00000 00000 00000 00000 00000 00000 00000
1340: 00000 00000 00000 00000 00000 00000 00000 00000
1348: 00000 00000 00000 00000 00000 00000 00000 00000
1350: 00000 00000 00000 00000 00000 00000 00000 00000
1358: 00000 00000 00000 00000 00000 00000 00000 00000
1360: 00000 00000 00000 00000 00000 00000 00000 00000
1368: 00000 00000 00000 00000 00000 00000 00000 00000
1370: 00000 00000 00000 00000 00000 00000 00000 00000
1378: 00000 00000 00000 00000 00000 00000 00000 00000
1380: 00000 00000 00000 00000 00000 00000 00000 00000
1388: 00000 00000 00000 00000 00000 00000 00000 00000
1390: 00000 00000 00000 00000 00000 00000 00000 00000
1398: 00000 00000 00000 00000 00000 00000 00000 00000
13a0: 00000 00000 00000 00000 00000 00000 00000 00000
13a8: 00000 00000 00000 00000 00000 00000 00000 00000
13b0: 00000 00000 00000 00000 00000 00000 00000 00000
13b8: 00000 00000 00000 00000 00000 00000 00000 00000
13c0: 00000 00000 00000 00000 00000 00000 00000 00000
13c8: 00000 00000 00000 00000 00000 00000 00000 00000
13d0: 00000 00000 00000 00000 00000 00000 00000 00000
13d8: 00000 00000 00000 00000 00000 00000 00000 00000
13e0: 00000 00000 00000 00000 00000 00000 00000 00000
13e8: 00000 00000 00000 00000 00000 00000 00000 00000
13f0: 00000 00000 00000 00000 00000 00000 00000 00000
13f8: 00000 00000 00000 00000 00000 00000 00000 00000
1400: 00000 00000 00000 00000 00000 00000 00000 00000
1408: 00000 00000 00000 00000 00000 00000 00000 00000
1410: 00000 00000 00000 00000 00000 00000 00000 00000
1418: 00000 00000 00000 00000 00000 00000 00000 00000
1420: 00000 00000 00000 00000 00000 00000 00000 00000
1428: 00000 00000 00000 00000 00000 00000 00000 00000
1430: 00000 00000 00000 00000 00000 00000 00000 00000
1438: 00000 00000 00000 00000 00000 00000 00000 00000
1440: 00000 00000 00000 00000 00000 00000 00000 00000
1448: 00000 00000 00000 00000 00000 00000 00000 00000
1450: 00000 00000 00000 00000 00000 00000 00000 00000
1458: 00000 00000 00000 00000 00000 00000 00000 00000
1460: 00000 00000 00000 00000 00000 00000 00000 00000
1468: 00000 00000 00000 00000 00000 00000 00000 00000
1470: 00000 00000 00000 00000 00000 00000 00000 00000
1478: 00000 00000 00000 00000 00000 00000 00000 00000
1480: 00000 00000 00000 00000 00000 00000 00000 00000
1488: 00000 00000 00000 00000 00000 00000 00000 00000
1490: 00000 00000 00000 00000 00000 00000 00000 00000
1498: 00000 00000 00000 00000 00000 00000 00000 00000
14a0: 00000 00000 00000 00000 00000 00000 00000 00000
14a8: 00000 00000 00000 00000 00000 00000 00000 00000
14b0: 00000 00000 00000 00000 00000 00000 00000 00000
14b8: 00000 00000 00000 00000 00000 00000 00000 00000
14c0: 00000 00000 00000 00000 00000 00000 00000 00000
14c8: 00000 00000 00000 00000 00000 00000 00000 00000
14d0: 00000 00000 00000 00000 00000 00000 00000 00000
14d8: 00000 00000 00000 00000 00000 00000 00000 00000
14e0: 00000 00000 00000 00000 00000 00000 00000 00000
14e8: 00000 00000 00000 00000 00000 00000 00000 00000
14f0: 00000 00000 00000 00000 00000 00000 00000 00000
14f8: 00000 00000 00000 00000 00000 00000 00000 00000
1500: 00000 00000 00000 00000 00000 00000 00000 00000
1508: 00000 00000 00000 00000 00000 00000 00000 00000
1510: 00000 00000 00000 00000 00000 00000 00000 00000
1518: 00000 00000 00000 00000 00000 00000 00000 00000
1520: 00000 00000 00000 00000 00000 00000 00000 00000
1528: 00000 00000 00000 00000 00000 00000 00000 00000
1530: 00000 00000 00000 00000 00000 00000 00000 00000
1538: 00000 00000 00000 00000 00000 00000 00000 00000
1540: 00000 00000 00000 00000 00000 00000 00000 00000
1548: 00000 00000 00000 00000 00000 00000 00000 00000
1550: 00000 00000 00000 00000 00000 00000 00000 00000
1558: 00000 00000 00000 00000 00000 00000 00000 00000
1560: 00000 00000 00000 00000 00000 00000 00000 00000
1568: 00000 00000 00000 00000 00000 00000 00000 00000
1570: 00000 00000 00000 00000 00000 00000 00000 00000
1578: 00000 00000 00000 00000 00000 00000 00000 00000
1580: 00000 00000 00000 00000 00000 00000 00000 00000
1588: 00000 00000 00000 00000 00000 00000 00000 00000
1590: 00000 00000 00000 00000 00000 00000 00000 00000
1598: 00000 00000 00000 00000 00000 00000 00000 00000
15a0: 00000 00000 00000 00000 00000 00000 00000 00000
15a8: 00000 00000 00000 00000 00000 00000 00000 00000
15b0: 00000 00000 00000 00000 00000 00000 00000 00000
15b8: 00000 00000 00000 00000 00000 00000 00000 00000
15c0: 00000 00000 00000 00000 00000 00000 00000 00000
15c8: 00000 00000 00000 00000 00000 00000 00000 00000
15d0: 00000 00000 00000 00000 00000 00000 00000 00000
15d8: 00000 00000 00000 00000 00000 00000 00000 00000
15e0: 00000 00000 00000 00000 00000 00000 00000 00000
15e8: 00000 00000 00000 00000 00000 00000 00000 00000
15f0: 00000 00000 00000 00000 00000 00000 00000 00000
15f8: 00000 00000 00000 00000 00000 00000 00000 00000
1600: 00000 00000 00000 00000 00000 00000 00000 00000
1608: 00000 00000 00000 00000 00000 00000 00000 00000
1610: 00000 00000 00000 00000 00000 00000 00000 00000
1618: 00000 00000 00000 00000 00000 00000 00000 00000
1620: 00000 00000 00000 00000 00000 00000 00000 00000
1628: 00000 00000 00000 00000 00000 00000 00000 00000
1630: 00000 00000 00000 00000 00000 00000 00000 00000
1638: 00000 00000 00000 00000 00000 00000 00000 00000
1640: 00000 00000 00000 00000 00000 00000 00000 00000
1648: 00000 00000 00000 00000 00000 00000 00000 00000
1650: 00000 00000 00000 00000 00000 00000 00000 00000
1658: 00000 00000 00000 00000 00000 00000 00000 00000
1660: 00000 00000 00000 00000 00000 00000 00000 00000
1668: 00000 00000 00000 00000 00000 00000 00000 00000
1670: 00000 00000 00000 00000 00000 00000 00000 00000
1678: 00000 00000 00000 00000 00000 00000 00000 00000
1680: 00000 00000 00000 00000 00000 00000 00000 00000
1688: 00000 00000 00000 00000 00000 00000 00000 00000
1690: 00000 00000 00000 00000 00000 00000 00000 00000
1698: 00000 00000 00000 00000 00000 00000 00000 00000
16a0: 00000 00000 00000 00000 00000 00000 00000 00000
16a8: 00000 00000 00000 00000 00000 00000 00000 00000
16b0: 00000 00000 00000 00000 00000 00000 00000 00000
16b8: 00000 00000 00000 00000 00000 00000 00000 00000
16c0: 00000 00000 00000 00000 00000 00000 00000 00000
16c8: 00000 00000 00000 00000 00000 00000 00000 00000
16d0: 00000 00000 00000 00000 00000 00000 00000 00000
16d8: 00000 00000 00000 00000 00000 00000 00000 00000
16e0: 00000 00000 00000 00000 00000 00000 00000 00000
16e8: 00000 00000 00000 00000 00000 00000 00000 00000
16f0: 00000 00000 00000 00000 00000 00000 00000 00000
16f8: 00000 00000 00000 00000 00000 00000 00000 00000
1700: 00000 00000 00000 00000 00000 00000 00000 00000
1708: 00000 00000 00000 00000 00000 00000 00000 00000
1710: 00000 00000 00000 00000 00000 00000 00000 00000
1718: 00000 00000 00000 00000 00000 00000 00000 00000
1720: 00000 00000 00000 00000 00000 00000 00000 00000
1728: 00000 00000 00000 00000 00000 00000 00000 00000
1730: 00000 00000 00000 00000 00000 00000 00000 00000
1738: 00000 00000 00000 00000 00000 00000 00000 00000
1740: 00000 00000 00000 00000 00000 00000 00000 00000
1748: 00000 00000 00000 00000 00000 00000 00000 00000
1750: 00000 00000 00000 00000 00000 00000 00000 00000
1758: 00000 00000 00000 00000 00000 00000 00000 00000
1760: 00000 00000 00000 00000 00000 00000 00000 00000
1768: 00000 00000 00000 00000 00000 00000 00000 00000
1770: 00000 00000 00000 00000 00000 00000 00000 00000
1778: 00000 00000 00000 00000 00000 00000 00000 00000
1780: 00000 00000 00000 00000 00000 00000 00000 00000
1788: 00000 00000 00000 00000 00000 00000 00000 00000
1790: 00000 00000 00000 00000 00000 00000 00000 00000
1798: 00000 00000 00000 00000 00000 00000 00000 00000
17a0: 00000 00000 00000 00000 00000 00000 00000 00000
17a8: 00000 00000 00000 00000 00000 00000 00000 00000
17b0: 00000 00000 00000 00000 00000 00000 00000 00000
17b8: 00000 00000 00000 00000 00000 00000 00000 00000
17c0: 00000 00000 00000 00000 00000 00000 00000 00000
17c8: 00000 00000 00000 00000 00000 00000 00000 00000
17d0: 00000 00000 00000 00000 00000 00000 00000 00000
17d8: 00000 00000 00000 00000 00000 00000 00000 00000
17e0: 00000 00000 00000 00000 00000 00000 00000 00000
17e8: 00000 00000 00000 00000 00000 00000 00000 00000
17f0: 00000 00000 00000 00000 00000 00000 00000 00000
17f8: 00000 00000 00000 00000 00000 00000 00000 00000
1800: 00000 00000 00000 00000 00000 00000 00000 00000
1808: 00000 00000 00000 00000 00000 00000 00000 00000
1810: 00000 00000 00000 00000 00000 00000 00000 00000
1818: 00000 00000 00000 00000 00000 00000 00000 00000
1820: 00000 00000 00000 00000 00000 00000 00000 00000
1828: 00000 00000 00000 00000 00000 00000 00000 00000
1830: 00000 00000 00000 00000 00000 00000 00000 00000
1838: 00000 00000 00000 00000 00000 00000 00000 00000
1840: 00000 00000 00000 00000 00000 00000 00000 00000
1848: 00000 00000 00000 00000 00000 00000 00000 00000
1850: 00000 00000 00000 00000 00000 00000 00000 00000
1858: 00000 00000 00000 00000 00000 00000 00000 00000
1860: 00000 00000 00000 00000 00000 00000 00000 00000
1868: 00000 00000 00000 00000 00000 00000 00000 00000
1870: 00000 00000 00000 00000 00000 00000 00000 00000
1878: 00000 00000 00000 00000 00000 00000 00000 00000
1880: 00000 00000 00000 00000 00000 00000 00000 00000
1888: 00000 00000 00000 00000 00000 00000 00000 00000
1890: 00000 00000 00000 00000 00000 00000 00000 00000
1898: 00000 00000 00000 00000 00000 00000 00000 00000
18a0: 00000 00000 00000 00000 00000 00000 00000 00000
18a8: 00000 00000 00000 00000 00000 00000 00000 00000
18b0: 00000 00000 00000 00000 00000 00000 00000 00000
18b8: 00000 00000 00000 00000 00000 00000 00000 00000
18c0: 00000 00000 00000 00000 00000 00000 00000 00000
18c8: 00000 00000 00000 00000 00000 00000 00000 00000
18d0: 00000 00000 00000 00000 00000 00000 00000 00000
18d8: 00000 00000 00000 00000 00000 00000 00000 00000
18e0: 00000 00000 00000 00000 00000 00000 00000 00000
18e8: 00000 00000 00000 00000 00000 00000 00000 00000
18f0: 00000 00000 00000 00000 00000 00000 00000 00000
18f8: 00000 00000 00000 00000 00000 00000 00000 00000
1900: 00000 00000 00000 00000 00000 00000 00000 00000
1908: 00000 00000 00000 00000 00000 00000 00000 00000
1910: 00000 00000 00000 00000 00000 00000 00000 00000
1918: 00000 00000 00000 00000 00000 00000 00000 00000
1920: 00000 00000 00000 00000 00000 00000 00000 00000
1928: 00000 00000 00000 00000 00000 00000 00000 00000
1930: 00000 00000 00000 00000 00000 00000 00000 00000
1938: 00000 00000 00000 00000 00000 00000 00000 00000
1940: 00000 00000 00000 00000 00000 00000 00000 00000
1948: 00000 00000 00000 00000 00000 00000 00000 00000
1950: 00000 00000 00000 00000 00000 00000 00000 00000
1958: 00000 00000 00000 00000 00000 00000 00000 00000
1960: 00000 00000 00000 00000 00000 00000 00000 00000
1968: 00000 00000 00000 00000 00000 00000 00000 00000
1970: 00000 00000 00000 00000 00000 00000 00000 00000
1978: 00000 00000 00000 00000 00000 00000 00000 00000
1980: 00000 00000 00000 00000 00000 00000 00000 00000
1988: 00000 00000 00000 00000 00000 00000 00000 00000
1990: 00000 00000 00000 00000 00000 00000 00000 00000
1998: 00000 00000 00000 00000 00000 00000 00000 00000
19a0: 00000 00000 00000 00000 00000 00000 00000 00000
19a8: 00000 00000 00000 00000 00000 00000 00000 00000
19b0: 00000 00000 00000 00000 00000 00000 00000 00000
19b8: 00000 00000 00000 00000 00000 00000 00000 00000
19c0: 00000 00000 00000 00000 00000 00000 00000 00000
19c8: 00000 00000 00000 00000 00000 00000 00000 00000
19d0: 00000 00000 00000 00000 00000 00000 00000 00000
19d8: 00000 00000 00000 00000 00000 00000 00000 00000
19e0: 00000 00000 00000 00000 00000 00000 00000 00000
19e8: 00000 00000 00000 00000 00000 00000 00000 00000
19f0: 00000 00000 00000 00000 00000 00000 00000 00000
19f8: 00000 00000 00000 00000 00000 00000 00000 00000
1a00: 00000 00000 00000 00000 00000 00000 00000 00000
1a08: 00000 00000 00000 00000 00000 00000 00000 00000
1a10: 00000 00000 00000 00000 00000 00000 00000 00000
1a18: 00000 00000 00000 00000 00000 00000 00000 00000
1a20: 00000 00000 00000 00000 00000 00000 00000 00000
1a28: 00000 00000 00000 00000 00000 00000 00000 00000
1a30: 00000 00000 00000 00000 00000 00000 00000 00000
1a38: 00000 00000 00000 00000 00000 00000 00000 00000
1a40: 00000 00000 00000 00000 00000 00000 00000 00000
1a48: 00000 00000 00000 00000 00000 00000 00000 00000
1a50: 00000 00000 00000 00000 00000 00000 00000 00000
1a58: 00000 00000 00000 00000 00000 00000 00000 00000
1a60: 00000 00000 00000 00000 00000 00000 00000 00000
1a68: 00000 00000 00000 00000 00000 00000 00000 00000
1a70: 00000 00000 00000 00000 00000 00000 00000 00000
1a78: 00000 00000 00000 00000 00000 00000 00000 00000
1a80: 00000 00000 00000 00000 00000 00000 00000 00000
1a88: 00000 00000 00000 00000 00000 00000 00000 00000
1a90: 00000 00000 00000 00000 00000 00000 00000 00000
1a98: 00000 00000 00000 00000 00000 00000 00000 00000
1aa0: 00000 00000 00000 00000 00000 00000 00000 00000
1aa8: 00000 00000 00000 00000 00000 00000 00000 00000
1ab0: 00000 00000 00000 00000 00000 00000 00000 00000
1ab8: 00000 00000 00000 00000 00000 00000 00000 00000
1ac0: 00000 00000 00000 00000 00000 00000 00000 00000
1ac8: 00000 00000 00000 00000 00000 00000 00000 00000
1ad0: 00000 00000 00000 00000 00000 00000 00000 00000
1ad8: 00000 00000 00000 00000 00000 00000 00000 00000
1ae0: 00000 00000 00000 00000 00000 00000 00000 00000
1ae8: 00000 00000 00000 00000 00000 00000 00000 00000
1af0: 00000 00000 00000 00000 00000 00000 00000 00000
1af8: 00000 00000 00000 00000 00000 00000 00000 00000
1b00: 00000 00000 00000 00000 00000 00000 00000 00000
1b08: 00000 00000 00000 00000 00000 00000 00000 00000
1b10: 00000 00000 00000 00000 00000 00000 00000 00000
1b18: 00000 00000 00000 00000 00000 00000 00000 00000
1b20: 00000 00000 00000 00000 00000 00000 00000 00000
1b28: 00000 00000 00000 00000 00000 00000 00000 00000
1b30: 00000 00000 00000 00000 00000 00000 00000 00000
1b38: 00000 00000 00000 00000 00000 00000 00000 00000
1b40: 00000 00000 00000 00000 00000 00000 00000 00000
1b48: 00000 00000 00000 00000 00000 00000 00000 00000
1b50: 00000 00000 00000 00000 00000 00000 00000 00000
1b58: 00000 00000 00000 00000 00000 00000 00000 00000
1b60: 00000 00000 00000 00000 00000 00000 00000 00000
1b68: 00000 00000 00000 00000 00000 00000 00000 00000
1b70: 00000 00000 00000 00000 00000 00000 00000 00000
1b78: 00000 00000 00000 00000 00000 00000 00000 00000
1b80: 00000 00000 00000 00000 00000 00000 00000 00000
1b88: 00000 00000 00000 00000 00000 00000 00000 00000
1b90: 00000 00000 00000 00000 00000 00000 00000 00000
1b98: 00000 00000 00000 00000 00000 00000 00000 00000
1ba0: 00000 00000 00000 00000 00000 00000 00000 00000
1ba8: 00000 00000 00000 00000 00000 00000 00000 00000
1bb0: 00000 00000 00000 00000 00000 00000 00000 00000
1bb8: 00000 00000 00000 00000 00000 00000 00000 00000
1bc0: 00000 00000 00000 00000 00000 00000 00000 00000
1bc8: 00000 00000 00000 00000 00000 00000 00000 00000
1bd0: 00000 00000 00000 00000 00000 00000 00000 00000
1bd8: 00000 00000 00000 00000 00000 00000 00000 00000
1be0: 00000 00000 00000 00000 00000 00000 00000 00000
1be8: 00000 00000 00000 00000 00000 00000 00000 00000
1bf0: 00000 00000 00000 00000 00000 00000 00000 00000
1bf8: 00000 00000 00000 00000 00000 00000 00000 00000
1c00: 00000 00000 00000 00000 00000 00000 00000 00000
1c08: 00000 00000 00000 00000 00000 00000 00000 00000
1c10: 00000 00000 00000 00000 00000 00000 00000 00000
1c18: 00000 00000 00000 00000 00000 00000 00000 00000
1c20: 00000 00000 00000 00000 00000 00000 00000 00000
1c28: 00000 00000 00000 00000 00000 00000 00000 00000
1c30: 00000 00000 00000 00000 00000 00000 00000 00000
1c38: 00000 00000 00000 00000 00000 00000 00000 00000
1c40: 00000 00000 00000 00000 00000 00000 00000 00000
1c48: 00000 00000 00000 00000 00000 00000 00000 00000
1c50: 00000 00000 00000 00000 00000 00000 00000 00000
1c58: 00000 00000 00000 00000 00000 00000 00000 00000
1c60: 00000 00000 00000 00000 00000 00000 00000 00000
1c68: 00000 00000 00000 00000 00000 00000 00000 00000
1c70: 00000 00000 00000 00000 00000 00000 00000 00000
1c78: 00000 00000 00000 00000 00000 00000 00000 00000
1c80: 00000 00000 00000 00000 00000 00000 00000 00000
1c88: 00000 00000 00000 00000 00000 00000 00000 00000
1c90: 00000 00000 00000 00000 00000 00000 00000 00000
1c98: 00000 00000 00000 00000 00000 00000 00000 00000
1ca0: 00000 00000 00000 00000 00000 00000 00000 00000
1ca8: 00000 00000 00000 00000 00000 00000 00000 00000
1cb0: 00000 00000 00000 00000 00000 00000 00000 00000
1cb8: 00000 00000 00000 00000 00000 00000 00000 00000
1cc0: 00000 00000 00000 00000 00000 00000 00000 00000
1cc8: 00000 00000 00000 00000 00000 00000 00000 00000
1cd0: 00000 00000 00000 00000 00000 00000 00000 00000
1cd8: 00000 00000 00000 00000 00000 00000 00000 00000
1ce0: 00000 00000 00000 00000 00000 00000 00000 00000
1ce8: 00000 00000 00000 00000 00000 00000 00000 00000
1cf0: 00000 00000 00000 00000 00000 00000 00000 00000
1cf8: 00000 00000 00000 00000 00000 00000 00000 00000
1d00: 00000 00000 00000 00000 00000 00000 00000 00000
1d08: 00000 00000 00000 00000 00000 00000 00000 00000
1d10: 00000 00000 00000 00000 00000 00000 00000 00000
1d18: 00000 00000 00000 00000 00000 00000 00000 00000
1d20: 00000 00000 00000 00000 00000 00000 00000 00000
1d28: 00000 00000 00000 00000 00000 00000 00000 00000
1d30: 00000 00000 00000 00000 00000 00000 00000 00000
1d38: 00000 00000 00000 00000 00000 00000 00000 00000
1d40: 00000 00000 00000 00000 00000 00000 00000 00000
1d48: 00000 00000 00000 00000 00000 00000 00000 00000
1d50: 00000 00000 00000 00000 00000 00000 00000 00000
1d58: 00000 00000 00000 00000 00000 00000 00000 00000
1d60: 00000 00000 00000 00000 00000 00000 00000 00000
1d68: 00000 00000 00000 00000 00000 00000 00000 00000
1d70: 00000 00000 00000 00000 00000 00000 00000 00000
1d78: 00000 00000 00000 00000 00000 00000 00000 00000
1d80: 00000 00000 00000 00000 00000 00000 00000 00000
1d88: 00000 00000 00000 00000 00000 00000 00000 00000
1d90: 00000 00000 00000 00000 00000 00000 00000 00000
1d98: 00000 00000 00000 00000 00000 00000 00000 00000
1da0: 00000 00000 00000 00000 00000 00000 00000 00000
1da8: 00000 00000 00000 00000 00000 00000 00000 00000
1db0: 00000 00000 00000 00000 00000 00000 00000 00000
1db8: 00000 00000 00000 00000 00000 00000 00000 00000
1dc0: 00000 00000 00000 00000 00000 00000 00000 00000
1dc8: 00000 00000 00000 00000 00000 00000 00000 00000
1dd0: 00000 00000 00000 00000 00000 00000 00000 00000
1dd8: 00000 00000 00000 00000 00000 00000 00000 00000
1de0: 00000 00000 00000 00000 00000 00000 00000 00000
1de8: 00000 00000 00000 00000 00000 00000 00000 00000
1df0: 00000 00000 00000 00000 00000 00000 00000 00000
1df8: 00000 00000 00000 00000 00000 00000 00000 00000
1e00: 00000 00000 00000 00000 00000 00000 00000 00000
1e08: 00000 00000 00000 00000 00000 00000 00000 00000
1e10: 00000 00000 00000 00000 00000 00000 00000 00000
1e18: 00000 00000 00000 00000 00000 00000 00000 00000
1e20: 00000 00000 00000 00000 00000 00000 00000 00000
1e28: 00000 00000 00000 00000 00000 00000 00000 00000
1e30: 00000 00000 00000 00000 00000 00000 00000 00000
1e38: 00000 00000 00000 00000 00000 00000 00000 00000
1e40: 00000 00000 00000 00000 00000 00000 00000 00000
1e48: 00000 00000 00000 00000 00000 00000 00000 00000
1e50: 00000 00000 00000 00000 00000 00000 00000 00000
1e58: 00000 00000 00000 00000 00000 00000 00000 00000
1e60: 00000 00000 00000 00000 00000 00000 00000 00000
1e68: 00000 00000 00000 00000 00000 00000 00000 00000
1e70: 00000 00000 00000 00000 00000 00000 00000 00000
1e78: 00000 00000 00000 00000 00000 00000 00000 00000
1e80: 00000 00000 00000 00000 00000 00000 00000 00000
1e88: 00000 00000 00000 00000 00000 00000 00000 00000
1e90: 00000 00000 00000 00000 00000 00000 00000 00000
1e98: 00000 00000 00000 00000 00000 00000 00000 00000
1ea0: 00000 00000 00000 00000 00000 00000 00000 00000
1ea8: 00000 00000 00000 00000 00000 00000 00000 00000
1eb0: 00000 00000 00000 00000 00000 00000 00000 00000
1eb8: 00000 00000 00000 00000 00000 00000 00000 00000
1ec0: 00000 00000 00000 00000 00000 00000 00000 00000
1ec8: 00000 00000 00000 00000 00000 00000 00000 00000
1ed0: 00000 00000 00000 00000 00000 00000 00000 00000
1ed8: 00000 00000 00000 00000 00000 00000 00000 00000
1ee0: 00000 00000 00000 00000 00000 00000 00000 00000
1ee8: 00000 00000 00000 00000 00000 00000 00000 00000
1ef0: 00000 00000 00000 00000 00000 00000 00000 00000
1ef8: 00000 00000 00000 00000 00000 00000 00000 00000
1f00: 00000 00000 00000 00000 00000 00000 00000 00000
1f08: 00000 00000 00000 00000 00000 00000 00000 00000
1f10: 00000 00000 00000 00000 00000 00000 00000 00000
1f18: 00000 00000 00000 00000 00000 00000 00000 00000
1f20: 00000 00000 00000 00000 00000 00000 00000 00000
1f28: 00000 00000 00000 00000 00000 00000 00000 00000
1f30: 00000 00000 00000 00000 00000 00000 00000 00000
1f38: 00000 00000 00000 00000 00000 00000 00000 00000
1f40: 00000 00000 00000 00000 00000 00000 00000 00000
1f48: 00000 00000 00000 00000 00000 00000 00000 00000
1f50: 00000 00000 00000 00000 00000 00000 00000 00000
1f58: 00000 00000 00000 00000 00000 00000 00000 00000
1f60: 00000 00000 00000 00000 00000 00000 00000 00000
1f68: 00000 00000 00000 00000 00000 00000 00000 00000
1f70: 00000 00000 00000 00000 00000 00000 00000 00000
1f78: 00000 00000 00000 00000 00000 00000 00000 00000
1f80: 00000 00000 00000 00000 00000 00000 00000 00000
1f88: 00000 00000 00000 00000 00000 00000 00000 00000
1f90: 00000 00000 00000 00000 00000 00000 00000 00000
1f98: 00000 00000 00000 00000 00000 00000 00000 00000
1fa0: 00000 00000 00000 00000 00000 00000 00000 00000
1fa8: 00000 00000 00000 00000 00000 00000 00000 00000
1fb0: 00000 00000 00000 00000 00000 00000 00000 00000
1fb8: 00000 00000 00000 00000 00000 00000 00000 00000
1fc0: 00000 00000 00000 00000 00000 00000 00000 00000
1fc8: 00000 00000 00000 00000 00000 00000 00000 00000
1fd0: 00000 00000 00000 00000 00000 00000 00000 00000
1fd8: 00000 00000 00000 00000 00000 00000 00000 00000
1fe0: 00000 00000 00000 00000 00000 00000 00000 00000
1fe8: 00000 00000 00000 00000 00000 00000 00000 00000
1ff0: 00000 00000 00000 00000 00000 00000 00000 00000
1ff8: 00000 00000 00000 00000 00000 00000 00000 00000
